807
802
800
940
943
944
331
157
748
535
740
606
602
741
201
931
934
936
161
540
929
541
739
543
738
546
545
406
548
732
824
822
319
213
179
513
726
623
918
722
627
626
624
517
414
413
516
515
813
815
225
226
914
324
915
917
911
913
522
716
180
524
182
713
520
612
714
613
525
528
619
843
842
841
840
570
980
986
985
846
435
436
434
579
705
576
977
976
979
832
831
301
123
582
837
970
972
833
975
974
440
443
586
588
861
969
138
864
863
137
862
965
869
964
868
962
961
454
451
457
456
553
850
955
852
950
855
858
953
952
857
859
461
462
464
567
561
1004
1002
1005
684
1006
280
484
285
489
282
289
286
888
483
886
1011
882
673
478
271
277
877
873
695
391
693
392
697
499
296
795
794
291
997
994
992
990
691
590
898
895
593
690
781
782
647
241
648
788
194
645
191
380
192
780
247
772
503
777
507
370
778
374
377
238
262
764
263
765
661
662
767
362
364
363
369
267
264
657
658
750
652
650
656
1012
756
654
355
359
904
259
900
902
