807
802
940
336
156
609
740
537
602
202
205
201
933
208
938
939
161
408
162
163
738
160
731
822
319
213
179
315
178
312
921
922
513
510
726
173
722
626
624
517
413
516
515
220
223
327
225
226
913
522
180
716
181
524
428
182
908
907
185
613
525
617
528
424
527
989
841
840
113
986
846
118
984
844
574
707
831
301
304
582
971
970
129
833
972
440
441
443
70
138
136
137
869
866
450
458
456
552
553
145
955
148
954
855
858
952
461
462
561
563
564
1003
1004
1007
1008
280
1009
285
489
283
282
289
287
888
478
272
277
879
470
877
873
872
1000
594
391
393
94
598
697
499
296
496
795
495
793
994
995
992
297
993
397
897
898
895
593
690
781
782
241
647
384
197
645
192
389
388
242
780
246
772
506
503
638
777
507
372
373
500
374
377
262
764
766
661
662
361
768
667
364
369
657
750
650
756
353
352
358
904
