807
802
800
940
943
944
331
336
157
156
748
535
609
740
537
606
741
602
202
205
931
201
933
934
936
938
208
939
540
161
162
408
929
163
541
739
543
738
546
160
545
406
548
731
732
824
822
319
213
179
178
315
312
921
922
513
510
726
623
173
918
722
627
626
624
517
414
413
516
515
220
813
223
327
815
225
226
914
915
324
917
911
913
522
180
716
181
524
428
182
908
713
907
185
612
520
714
613
617
525
528
527
424
619
843
989
842
841
840
113
570
980
986
846
985
984
118
844
435
436
434
574
707
579
576
705
977
976
832
979
831
301
304
582
123
837
971
970
129
972
833
975
974
440
441
443
70
586
588
861
969
138
864
136
863
137
862
965
869
964
868
962
866
961
450
454
451
457
458
456
552
553
145
850
955
852
954
148
950
855
858
953
952
857
859
461
462
464
567
561
563
564
1003
1004
1002
1007
1008
1005
684
1006
280
1009
484
285
283
489
282
289
286
287
888
483
886
1011
882
673
272
478
271
277
879
470
877
873
872
1000
594
695
391
693
94
393
598
392
697
499
296
496
795
495
794
793
291
997
994
995
297
992
993
990
397
897
691
590
898
895
593
690
781
782
647
241
648
788
384
194
197
645
191
380
192
389
388
242
247
780
246
772
506
503
638
777
507
370
372
778
373
500
374
377
238
262
263
764
765
766
661
662
361
767
768
362
667
364
363
369
267
264
657
658
750
652
650
1012
656
756
654
353
352
355
359
358
904
259
900
902
