datasetID	subjects	triples
0	2	28
1	24	264
2	1	17
3	1	17
4	16	167
5	4	36
6	14	126
7	84	672
9	1	19
10	25	244
11	11	107
12	1	17
13	16	149
14	88	528
15	4	40
16	86	528
17	4	44
18	3	30
19	89	534
20	86	528
21	24	243
22	84	504
23	89	546
24	81	498
25	85	510
26	88	528
27	88	704
28	10	108
29	83	510
30	87	534
31	84	504
32	86	516
33	89	534
34	89	534
35	86	516
36	85	522
37	1	11
38	85	510
39	86	516
40	86	516
41	17	162
42	12	108
43	89	534
45	5	54
46	88	540
47	1	19
48	83	664
49	1	19
50	82	656
51	13	126
52	87	534
53	84	504
54	78	624
55	1	18
56	89	545
57	95	582
58	89	712
59	89	624
60	1	19
61	86	688
62	88	529
63	88	704
64	967	6780
65	162	1548
67	88	704
68	87	696
69	1	17
70	141	743
71	1	18
72	1	17
73	80	660
74	1	18
75	1	19
76	1	19
77	173	1551
78	84	589
79	167	1489
80	83	498
81	961	4817
82	166	996
83	84	504
84	87	632
85	89	729
86	163	978
87	2	73
88	86	516
89	165	990
90	2178	19090
91	86	516
92	1	18
93	1	19
94	102	576
95	79	474
96	176	1056
97	88	528
98	1	18
99	180	1080
100	171	1026
101	86	516
102	1	19
104	88	528
105	165	990
106	964	4832
107	90	540
108	971	4867
109	2	107
110	2	65
111	343	1719
112	1984	9916
113	3	12
114	1	18
115	1	19
116	972	4872
118	41	183
119	970	4862
120	972	4872
122	85	394
123	25479	28847
124	84	504
126	967	4847
128	3487	12477
129	478	3898
130	2	72
131	76	456
132	84	603
135	616	28756
136	878	12816
137	22726	133916
138	12753	101686
139	2	79
140	1	18
141	7	98
142	1	19
143	253	2071
144	15	88
145	1458	18776
146	1	19
147	3925	30670
148	2425	20357
149	121710	717951
150	10	50
151	968	4852
152	1	8
153	2	36
154	120	2713
155	528	1268
156	2463	3147
157	11203	30095
160	5020	106130
161	4087	29453
162	1679	1917
163	848	5233
164	1	22
165	595	23538
166	2007	8835
167	227	922
169	1	1
170	94	2158
172	2	19
173	14392	114519
174	20	205
175	4674	14022
176	528	1268
177	24	97
178	2	507
179	431779	3178085
180	146490	616015
181	8216	18108
182	20547	137083
183	3122	301340
184	4	4
185	235	1129
186	3	6
187	468	20123
188	256	1617
189	26	1020
190	26	859
191	7295	44291
192	5312	123549
193	96	416
194	477	2552
195	53	205
196	100	499
197	2954	14551
198	99	505
199	2327	8523
200	12	32
201	1062	5899
202	61	272
203	2	10
205	44796	315096
206	393	2620
207	31	62
208	1093	5444
209	1	1
210	23	162
211	4482	20482
212	1	36
213	19	346
214	48	182
215	19	413
216	43952	243395
217	494	10102
218	3596	7210
219	11	22
220	97578	468218
221	4	24
222	1166	5249
223	9081	52856
224	25	245
225	335	1057
226	59197	88548
227	13110	80827
228	2	39
229	29712	237194
230	6	12
231	2	12
232	6	14
233	10	41
234	110	1704
235	64	590
236	23	446
237	95859	1264941
238	61084	331319
239	2	19
241	268337	379295
242	161	1166
243	2	140
244	1	31
245	172	1098
246	1361	8477
247	5865	14612
248	14	131
249	7	27
250	9	79
251	65	864
252	3633	17338
253	68	238
254	12	170
255	4	39
256	3	23
257	1165	6384
258	25	169
259	4	22
260	1779	9451
262	779	2601
263	298912	1701709
264	21	152
265	4576	828738
266	430	860
267	50816	262539
268	13	162
269	328	1752
270	7	114
271	4	4
272	30	1107
273	327	26289
274	38	654
275	32117	364820
276	470	1098
277	4774	34920
278	40	237
279	6	22
280	532	33907
281	15	79
282	126094	643704
283	31	212
284	5023	120383
285	45335	637983
286	10	91
287	1	3
288	8	42
289	14786	83655
290	3	21
291	13	78
292	45	71
293	34	272
294	664	3360
295	10	166
296	3606	12858
297	5393	31458
298	11	99
299	9	87
300	3	57
301	30	208
302	174	1716
303	12	43
304	5253	32862
305	6986	43608
306	1	1
307	184	724
308	4	15
309	25	430
310	1311	5451
311	31	510
312	23	143
313	6	23
314	11	65
315	376	2765
316	175	720
317	8	113
318	15	76
319	37839	256975
321	21184	161963
322	4	81
323	3	7
324	216	44838
325	7	77
326	664	2790
327	18836	333605
328	21	293
329	7	120
330	6	33
331	19	143
332	5	64
333	3	5
334	7	48
335	8	84
336	45	194
337	2	21
338	18	222
339	7	199
340	51	626
341	431764	2528750
342	166	876
343	4	25
344	22	350
345	19	117
346	1	7
347	300	1354
348	18	142
349	8	57
350	6	32
351	7	35
352	7137	37883
353	240	885
354	81	282
355	14	131
356	50263	93224
357	368	3777
358	97908	603853
359	4857	29318
360	18	106
361	313077	1234935
362	10031	44043
363	2	30
364	11	70
365	5	9
366	8	48
367	8	38
368	14978	52741
369	86677	195120
370	1	9
371	1	31
372	58	1661
373	974	4155
374	757	17227
375	5	33
376	20	84
377	31227	157393
378	3492	5797
379	6	38
380	30	286
381	8	33
382	65	618
383	972	7666
384	218	18899
385	134	5440
386	120	268
387	151	4892
388	1345	11325
389	70	436
390	8168	80783
391	6	29
392	4	35
393	1	16
394	3	14
395	141	1018
396	5618	32457
397	180	688
398	23	102
399	66	897
400	5085	26074
401	3	23
402	5773	23184
403	19	367
404	5	35
406	3	14
407	19	124
408	29890	183558
409	2	23
410	57	240
411	8	44
412	23	155
413	4	32
414	5	14
415	18	83
416	3	13
417	24	100
418	4	31
419	18	331
420	12	150
421	19	141
422	19	120
423	12	139
424	45	183
425	14	119
426	96	502
427	21	150
428	20	138
429	20	40
430	86	783
431	88	264
432	8	93
433	163	1977
434	42	728
435	22	109
436	12	56
437	8	37
438	22	124
439	9	93
440	80	550
441	56	405
442	10084	37045
443	15914	139479
444	18	194
445	26134	145888
446	374	9074
447	270	1225
448	7	83
449	95	462
450	17696	93340
451	140	716
452	7	84
453	9	91
454	1	9
455	10	58
456	592566	4350439
457	2	13
458	25	227
459	7	68
460	5	31
461	22	144
462	1880	6673
463	9	48
464	676	3182
465	11	55
466	24	244
467	4910	42795
468	5	35
469	5887	27512
470	91	862
471	17	130
472	172	344
473	2	27
474	2	16
475	2	4
476	44	469
477	31	12015
478	9	48
479	28	151
480	2	12
481	8	41
482	10	86
483	15	52
484	89	426
485	10	44
486	3	45
487	3	34
488	7	260
489	1	9
490	4	8
491	6	15
492	3	45
493	75	306
494	9	35
495	76	321
496	1016	8542
497	7	39
498	3	36
499	5030	98489
500	36317	176910
501	28239	155090
502	5168	29850
503	62717	277075
505	18	93
506	912	4264
507	3821	18499
508	556	2969
509	2	13
510	14	131
511	2	43
512	337	1330
513	18144	47257
515	21345	31527
516	27	144
517	10283	17379
518	7	38
519	178	15089
520	15118	363106
521	2227	8755
522	1215184	12552750
523	2	17
524	1511	42946
525	1562	6254
526	9	53
527	125	496
528	49290	124116
529	13	103
530	7	45
531	5	32
532	8	60
533	3	50
534	6	27
535	3	19
536	2	29
537	3	47
538	16	99
539	3	20
540	193	1224
541	2	17
542	22	84
543	30	207
544	2847	21720
545	6	49
546	8	48
547	2	12
548	6	17
549	15	151
550	27	174
551	14	66
552	11	54
553	3	35
554	5	46
555	3	17
556	8	55
557	12	90
558	2598	14458
559	13	77
560	3	16
561	7	172
562	37	180
563	9	88
564	11	66
565	2	15
566	5	20
567	72	7851
568	10	192
569	5	40
570	19	115
571	1123	4637
572	6	26
573	16	121
574	3	43
575	4	19
576	12	45
577	5	42
578	9	47
579	33	198
580	2	9
581	26	86
582	139114	478703
583	6	16
584	58	229
585	2	19
586	26	175
587	1438	7698
588	12	65
589	41	133
590	534	643
591	5	15
592	5	74
593	22619	267784
594	6	53
595	8	130
596	1883	11785
597	9	64
598	20	89
599	15184	68696
600	9	60
601	55	254
602	6	40
603	11	75
604	10	49
605	62	480
606	10	38
607	3	18
608	17	130
609	146	465
610	8	52
611	19	123
612	4	30
613	575012	3043270
614	3390	20511
615	29	183
617	471	2487
618	58	286
619	26185	139422
620	16	49
621	8	10
622	7	40
623	17	129
624	27	222
625	5	26
626	46	184
627	31	148
628	432	2080
629	14	96
630	14	162
631	8	35
632	16	561
633	15	119
634	4	50
635	19	535
636	10	60
637	118	640
638	12298	213020
639	2	14
640	5	29
641	8	58
642	8	34
643	57	450
644	4	27
645	29	181
646	19	100
647	2	15
648	5721	23022
649	6	84
650	951	5745
651	1971	30021
652	1	70
653	5	69
654	9	26
655	11	53
656	14	108
657	3964	93003
658	3	38
659	9	44
660	23	181
661	10	75
662	5	30
663	40	201
664	75	389
665	127	1551
666	14	79
667	1509250	5646222
669	14079	61909
670	61903	352236
671	1001	9727
672	7	24
673	1861	12616
674	775	4049
675	8	12
676	17	131
677	2	26
678	6	34
679	14	230
680	5	37
681	49	368
682	4	26
683	9	147
684	7697	94404
685	14	124
686	595	1190
687	3	32
688	164	821
689	3	22
690	6799	100695
691	41	192
692	2	14
693	87	584
694	12	64
695	2	16
696	7	33
697	28287	63058
698	11	64
699	4	24
700	7	28
701	185	1109
702	10	186
703	17	130
704	5	24
705	4	32
706	4	29
707	245	2265
708	9	64
709	7	32
710	6	12
711	8	26
712	5	85
713	4729	17890
714	52	287
715	4	28
716	6256	49645
717	17	131
718	3	29
719	17	130
720	12	73
721	2	7
722	93	567
723	14	66
724	5	12
725	3	23
726	837	1870
727	979	5148
728	25	183
729	7	37
730	6	27
731	46	210
732	891	6933
733	10	49
734	1733	8828
735	16	270
736	12	85
737	23	137
738	5	19
739	15	122
740	26	211
741	32	235
742	2425	16291
743	7	142
744	823	4975
745	194	3099
746	112	877
747	9	83
748	7	44
749	2243	9606
750	1421929	7404628
751	15	111
752	154068	638089
753	6	14
754	54	253
755	62	712
756	72	337
757	8	45
758	1	1
759	1	10
760	134	881
761	5	142
762	12	98
763	41	135
764	23261	120952
765	10240	59833
766	3936	7932
767	140	804
768	28	140
769	4	26
770	2	166
771	6	32
772	179	1268
773	6	35
774	1	34
775	5	26
776	4	10
777	2748	2824
778	1	39
779	2	10
780	15497	65395
781	14699	169223
782	3	58
783	2	9
784	20	75
785	5579	28390
786	9	31
787	13	68
788	1022	6231
789	6	13
790	19	147
791	5	22
792	71	342
793	1465	9355
794	618	2115
795	74091	951233
796	1386	11192
797	7	39
798	17	143
799	7	24
800	10	102
801	4	8
802	202	2112
803	2	16
804	7	30
805	10	46
806	6	13
807	3	44
808	7	45
809	19	40
810	94	424
811	96	630
812	34	139
813	2	15
814	4	8
815	185	1159
816	12	34
817	10	69
818	7	41
819	30	240
820	17	92
821	8	88
822	6188	14165
823	1	4
824	308856	1694430
825	291	1255
826	7	71
827	49	208
828	20	79
829	2	12
830	5	35
831	6	170
832	20	224
833	7155	30214
834	91	391
835	7	53
836	16724	250444
837	4	30
838	30	151
839	9	74
840	565	2410
841	303	332
842	202	2049
843	111	733
844	160	846
845	2	22
846	105	734
847	3	15
848	20	254
849	10	40
850	30	89
851	7	24
852	30	174
853	2	4
854	3	4
855	93	523
856	14	114
857	50	212
858	253	3408
859	4	22
860	264	1012
861	8	40
862	92	593
863	7452	142147
864	5162	21982
865	416	2696
866	1518	7178
867	7	235
868	9	42
869	2097	13300
870	1	10
871	37	200
872	6	41
873	10019	53970
874	2592	16431
875	1135	4536
876	3	32
877	114940	1014326
878	144	1090
879	2	13
880	13	79
882	16568	82751
883	19	124
884	7365	29808
885	33	231
886	17	74
887	27	317
888	23842	360235
889	16	76
890	97	508
891	24	241
892	467	1102
893	7	54
894	164	760
895	60	613
896	3	23
897	361	1322
898	256	2650
899	7	60
900	115	485
901	5	59
902	16	92
903	16	128
904	18072	172480
905	1927	9620
906	7	26
907	200	1681
908	1221	2753
909	33	392
910	479	3012
911	71	371
912	8	34
913	155	492
914	3	19
915	18	61
916	1640	9819
917	7202	75484
918	6257	6817
919	153	1059
920	15	83
921	49	305
922	5	35
923	4	17
924	7	28
925	329	1186
926	16928	170038
927	602	3935
928	7	109
929	45	255
930	19	112
931	4206	37512
932	15	222
933	3	20
934	3411	13740
935	1	5
936	2	16
937	6	12
938	110	623
939	18443	281670
940	759	5426
941	14	140
942	39	358
943	1162	4364
944	5139	14982
945	7	30
946	18	83
947	7	28
948	10	59
949	20	104
950	15	54
951	3	10
952	2913	22553
953	10	80
954	28590	119815
955	16	98
956	11	73
957	11	51
958	35	265
959	2	3
960	17	95
961	5	26
962	19	59
963	2	17
964	6	44
965	14899	95416
966	1	32
967	7	36
968	8099	99238
969	15374	52274
970	481	2537
971	419	2883
972	15201	140270
973	10	93
974	12	63
975	19	50
976	9	55
977	30	144
978	4	16
979	26	151
980	47690	949723
981	5	48
982	2	16
983	1	1
984	21	132
985	53	240
986	60	122
987	7	57
988	10	90
989	17	138
990	15008	165096
991	14	76
992	21966	98177
993	7	48
994	18	103
995	1896	15241
996	5	30
997	5	25
998	3	8
999	14	90
1000	40	263
1001	2	37
1002	19155	209475
1003	120	887
1004	6683	22323
1005	2856	22274
1006	8	40
1007	400858	1333352
1008	529418	791729
1009	1584	6543
1010	9	133
1011	235	1116
1012	241	493
1013	554	1566
